1 0.718750 0.623047 0.296875 0.199219
1 0.787109 0.292969 0.136719 0.164062
1 0.546875 0.201172 0.414062 0.175781
1 0.447266 0.416016 0.082031 0.066406
1 0.138672 0.388672 0.261719 0.183594
1 0.095703 0.138672 0.183594 0.082031
1 0.527344 0.837891 0.140625 0.074219
1 0.296875 0.783203 0.085938 0.433594
1 0.193359 0.640625 0.136719 0.093750
1 0.849609 0.830078 0.082031 0.050781
1 0.441406 0.615234 0.125000 0.089844
1 0.562500 0.560547 0.109375 0.066406
1 0.353516 0.068359 0.097656 0.050781
1 0.109375 0.826172 0.164062 0.136719
1 0.072266 0.939453 0.136719 0.066406
1 0.718750 0.960938 0.093750 0.039062
0 0.464844 0.513672 0.921875 0.972656
