1 0.216797 0.544922 0.082031 0.074219
1 0.351562 0.480469 0.125000 0.070312
1 0.433594 0.550781 0.085938 0.054688
1 0.541016 0.531250 0.066406 0.054688
1 0.587891 0.478516 0.082031 0.042969
1 0.515625 0.460938 0.062500 0.039062
1 0.570312 0.437500 0.078125 0.046875
1 0.453125 0.404297 0.062500 0.042969
1 0.365234 0.369141 0.050781 0.058594
1 0.277344 0.371094 0.070312 0.062500
1 0.675781 0.650391 0.070312 0.050781
1 0.847656 0.683594 0.140625 0.078125
1 0.867188 0.609375 0.101562 0.054688
1 0.371094 0.863281 0.117188 0.070312
1 0.572266 0.890625 0.050781 0.046875
1 0.529297 0.699219 0.042969 0.039062
1 0.679688 0.574219 0.062500 0.039062
0 0.539062 0.509766 0.789062 0.917969
