1 0.822266 0.544922 0.089844 0.058594
1 0.771484 0.595703 0.050781 0.042969
1 0.753906 0.361328 0.062500 0.074219
1 0.824219 0.320312 0.039062 0.039062
1 0.855469 0.412109 0.062500 0.050781
1 0.855469 0.478516 0.039062 0.035156
1 0.498047 0.205078 0.035156 0.035156
1 0.591797 0.742188 0.074219 0.046875
1 0.662109 0.705078 0.058594 0.058594
1 0.919922 0.597656 0.042969 0.046875
1 0.283203 0.546875 0.042969 0.046875
1 0.232422 0.724609 0.035156 0.042969
1 0.310547 0.796875 0.066406 0.054688
1 0.599609 0.501953 0.097656 0.082031
1 0.355469 0.326172 0.031250 0.035156
1 0.314453 0.142578 0.058594 0.042969
1 0.289062 0.166016 0.039062 0.035156
1 0.439453 0.222656 0.035156 0.023438
1 0.419922 0.169922 0.035156 0.042969
1 0.500000 0.603516 0.039062 0.035156
1 0.759766 0.798828 0.035156 0.042969
0 0.539062 0.513672 0.867188 0.972656
