1 0.326172 0.332031 0.277344 0.148438
1 0.542969 0.335938 0.156250 0.070312
1 0.404297 0.457031 0.269531 0.187500
1 0.251953 0.513672 0.113281 0.058594
1 0.183594 0.447266 0.078125 0.050781
1 0.199219 0.699219 0.132812 0.093750
1 0.628906 0.583984 0.070312 0.058594
1 0.660156 0.511719 0.148438 0.109375
1 0.666016 0.408203 0.207031 0.160156
1 0.443359 0.201172 0.097656 0.058594
1 0.390625 0.648438 0.210938 0.125000
1 0.607422 0.789062 0.089844 0.062500
1 0.517578 0.734375 0.066406 0.070312
1 0.445312 0.808594 0.171875 0.164062
1 0.552734 0.929688 0.191406 0.140625
1 0.195312 0.820312 0.101562 0.085938
1 0.810547 0.408203 0.050781 0.058594
0 0.500000 0.519531 0.718750 0.960938
