1 0.406250 0.593750 0.078125 0.078125
1 0.259766 0.478516 0.097656 0.066406
1 0.210938 0.511719 0.078125 0.046875
1 0.236328 0.572266 0.082031 0.066406
1 0.181641 0.623047 0.066406 0.058594
1 0.501953 0.792969 0.058594 0.062500
1 0.396484 0.773438 0.066406 0.062500
1 0.316406 0.785156 0.054688 0.062500
1 0.455078 0.882812 0.082031 0.062500
1 0.349609 0.865234 0.097656 0.027344
1 0.246094 0.861328 0.062500 0.144531
1 0.863281 0.761719 0.031250 0.039062
1 0.179688 0.388672 0.046875 0.050781
1 0.472656 0.349609 0.046875 0.058594
1 0.132812 0.298828 0.054688 0.074219
0 0.464844 0.529297 0.906250 0.933594
