1 0.796875 0.167969 0.054688 0.054688
1 0.718750 0.251953 0.039062 0.042969
1 0.802734 0.347656 0.074219 0.101562
1 0.511719 0.572266 0.078125 0.050781
1 0.494141 0.779297 0.113281 0.042969
1 0.167969 0.630859 0.054688 0.042969
1 0.251953 0.679688 0.066406 0.062500
1 0.156250 0.943359 0.039062 0.050781
1 0.195312 0.888672 0.062500 0.035156
1 0.757812 0.666016 0.062500 0.066406
1 0.662109 0.699219 0.066406 0.054688
1 0.667969 0.466797 0.062500 0.042969
1 0.623047 0.333984 0.058594 0.160156
1 0.609375 0.197266 0.070312 0.050781
1 0.042969 0.791016 0.078125 0.058594
0 0.464844 0.523438 0.921875 0.953125
