1 0.607422 0.244141 0.097656 0.058594
1 0.562500 0.291016 0.054688 0.074219
1 0.615234 0.371094 0.128906 0.101562
1 0.443359 0.357422 0.121094 0.042969
1 0.457031 0.294922 0.039062 0.035156
1 0.509766 0.593750 0.160156 0.085938
1 0.511719 0.693359 0.218750 0.097656
1 0.777344 0.554688 0.203125 0.140625
1 0.796875 0.693359 0.062500 0.058594
1 0.431641 0.837891 0.160156 0.089844
1 0.248047 0.849609 0.097656 0.050781
1 0.304688 0.638672 0.140625 0.097656
1 0.505859 0.494141 0.089844 0.058594
0 0.515625 0.519531 0.875000 0.921875
