1 0.531250 0.824219 0.101562 0.062500
1 0.494141 0.880859 0.074219 0.050781
1 0.746094 0.701172 0.078125 0.042969
1 0.648438 0.771484 0.078125 0.050781
1 0.779297 0.187500 0.042969 0.039062
1 0.736328 0.259766 0.082031 0.042969
1 0.839844 0.271484 0.078125 0.050781
1 0.785156 0.228516 0.085938 0.027344
1 0.720703 0.337891 0.066406 0.066406
1 0.640625 0.324219 0.039062 0.039062
1 0.679688 0.306641 0.039062 0.027344
1 0.738281 0.425781 0.109375 0.046875
1 0.794922 0.386719 0.082031 0.054688
1 0.863281 0.388672 0.062500 0.050781
1 0.541016 0.529297 0.175781 0.082031
1 0.785156 0.646484 0.062500 0.035156
1 0.890625 0.494141 0.039062 0.035156
1 0.595703 0.603516 0.089844 0.050781
1 0.242188 0.724609 0.031250 0.050781
0 0.505859 0.542969 0.855469 0.914062
