1 0.486328 0.513672 0.042969 0.066406
1 0.531250 0.544922 0.125000 0.082031
1 0.646484 0.435547 0.097656 0.113281
1 0.468750 0.375000 0.046875 0.039062
1 0.447266 0.326172 0.042969 0.035156
1 0.386719 0.351562 0.062500 0.054688
1 0.285156 0.263672 0.054688 0.050781
1 0.210938 0.312500 0.078125 0.062500
1 0.144531 0.468750 0.140625 0.101562
1 0.173828 0.632812 0.082031 0.078125
1 0.300781 0.681641 0.054688 0.050781
1 0.353516 0.732422 0.058594 0.042969
1 0.541016 0.791016 0.105469 0.269531
1 0.710938 0.582031 0.171875 0.289062
1 0.705078 0.343750 0.058594 0.054688
1 0.693359 0.251953 0.074219 0.058594
1 0.583984 0.240234 0.082031 0.167969
1 0.423828 0.234375 0.058594 0.054688
1 0.414062 0.179688 0.078125 0.039062
0 0.464844 0.488281 0.820312 0.867188
