1 0.691406 0.398438 0.085938 0.054688
1 0.480469 0.388672 0.054688 0.050781
1 0.423828 0.263672 0.050781 0.035156
1 0.462891 0.128906 0.066406 0.039062
1 0.609375 0.212891 0.046875 0.042969
1 0.501953 0.642578 0.058594 0.050781
1 0.398438 0.572266 0.070312 0.066406
1 0.396484 0.640625 0.113281 0.046875
1 0.425781 0.859375 0.062500 0.039062
1 0.478516 0.802734 0.074219 0.035156
1 0.615234 0.658203 0.058594 0.050781
1 0.726562 0.517578 0.101562 0.074219
1 0.851562 0.523438 0.046875 0.062500
1 0.843750 0.722656 0.070312 0.031250
1 0.802734 0.755859 0.050781 0.050781
1 0.193359 0.859375 0.066406 0.054688
0 0.484375 0.505859 0.921875 0.988281
