1 0.242188 0.439453 0.054688 0.042969
1 0.414062 0.257812 0.054688 0.039062
1 0.658203 0.228516 0.066406 0.097656
1 0.531250 0.251953 0.125000 0.082031
1 0.525391 0.347656 0.105469 0.070312
1 0.591797 0.375000 0.050781 0.046875
1 0.515625 0.425781 0.085938 0.054688
1 0.542969 0.482422 0.031250 0.027344
1 0.494141 0.480469 0.042969 0.031250
1 0.531250 0.525391 0.078125 0.035156
1 0.531250 0.677734 0.140625 0.128906
1 0.470703 0.771484 0.058594 0.066406
1 0.392578 0.705078 0.042969 0.042969
1 0.316406 0.632812 0.062500 0.054688
1 0.556641 0.863281 0.113281 0.070312
1 0.638672 0.775391 0.042969 0.027344
1 0.664062 0.919922 0.093750 0.074219
1 0.191406 0.742188 0.031250 0.046875
0 0.474609 0.519531 0.675781 0.960938
