1 0.658203 0.330078 0.050781 0.058594
1 0.539062 0.462891 0.070312 0.050781
1 0.548828 0.507812 0.097656 0.054688
1 0.476562 0.482422 0.070312 0.050781
1 0.400391 0.421875 0.058594 0.054688
1 0.308594 0.371094 0.070312 0.078125
1 0.234375 0.380859 0.070312 0.082031
1 0.306641 0.509766 0.097656 0.082031
1 0.384766 0.591797 0.089844 0.058594
1 0.171875 0.582031 0.078125 0.070312
1 0.257812 0.933594 0.101562 0.070312
1 0.642578 0.712891 0.105469 0.058594
1 0.656250 0.625000 0.062500 0.046875
1 0.847656 0.746094 0.164062 0.085938
1 0.898438 0.673828 0.125000 0.074219
1 0.468750 0.757812 0.054688 0.039062
0 0.503906 0.509766 0.960938 0.980469
