1 0.294922 0.265625 0.074219 0.046875
1 0.427734 0.232422 0.066406 0.066406
1 0.439453 0.130859 0.035156 0.035156
1 0.458984 0.400391 0.128906 0.121094
1 0.658203 0.396484 0.082031 0.082031
1 0.582031 0.507812 0.132812 0.078125
1 0.423828 0.572266 0.082031 0.066406
1 0.654297 0.697266 0.191406 0.230469
1 0.943359 0.599609 0.105469 0.082031
1 0.902344 0.701172 0.078125 0.082031
1 0.880859 0.841797 0.074219 0.074219
1 0.945312 0.902344 0.070312 0.078125
1 0.615234 0.906250 0.113281 0.085938
1 0.753906 0.957031 0.125000 0.085938
1 0.302734 0.724609 0.058594 0.058594
0 0.519531 0.552734 0.960938 0.894531
