1 0.322266 0.417969 0.042969 0.062500
1 0.523438 0.228516 0.046875 0.042969
1 0.615234 0.240234 0.089844 0.113281
1 0.673828 0.214844 0.042969 0.062500
1 0.771484 0.250000 0.066406 0.101562
1 0.589844 0.390625 0.117188 0.164062
1 0.679688 0.398438 0.078125 0.062500
1 0.550781 0.550781 0.078125 0.054688
1 0.531250 0.492188 0.046875 0.039062
1 0.595703 0.509766 0.058594 0.050781
1 0.863281 0.460938 0.046875 0.046875
1 0.492188 0.707031 0.132812 0.125000
1 0.345703 0.730469 0.050781 0.046875
1 0.306641 0.640625 0.035156 0.039062
1 0.488281 0.904297 0.234375 0.113281
1 0.599609 0.804688 0.066406 0.031250
1 0.777344 0.910156 0.039062 0.062500
1 0.685547 0.648438 0.074219 0.078125
