1 0.314453 0.201172 0.089844 0.074219
1 0.265625 0.292969 0.085938 0.078125
1 0.330078 0.369141 0.113281 0.082031
1 0.431641 0.361328 0.074219 0.050781
1 0.509766 0.294922 0.066406 0.058594
1 0.509766 0.361328 0.035156 0.035156
1 0.531250 0.404297 0.070312 0.058594
1 0.580078 0.183594 0.066406 0.085938
1 0.300781 0.697266 0.085938 0.058594
1 0.365234 0.679688 0.082031 0.062500
1 0.416016 0.740234 0.082031 0.058594
1 0.496094 0.736328 0.054688 0.042969
1 0.451172 0.683594 0.042969 0.046875
1 0.480469 0.794922 0.093750 0.050781
1 0.490234 0.876953 0.105469 0.066406
1 0.650391 0.882812 0.167969 0.093750
1 0.625000 0.722656 0.140625 0.156250
1 0.740234 0.634766 0.027344 0.042969
1 0.498047 0.509766 0.074219 0.066406
1 0.513672 0.457031 0.066406 0.031250
0 0.539062 0.490234 0.679688 0.894531
