1 0.607422 0.759766 0.121094 0.152344
1 0.732422 0.550781 0.105469 0.312500
1 0.818359 0.664062 0.089844 0.140625
1 0.519531 0.550781 0.195312 0.140625
1 0.269531 0.712891 0.070312 0.089844
1 0.439453 0.210938 0.097656 0.171875
1 0.404297 0.376953 0.066406 0.066406
1 0.148438 0.332031 0.062500 0.062500
1 0.621094 0.302734 0.054688 0.042969
1 0.626953 0.402344 0.128906 0.117188
1 0.568359 0.210938 0.058594 0.054688
1 0.263672 0.183594 0.058594 0.039062
1 0.294922 0.242188 0.042969 0.046875
0 0.496094 0.529297 0.882812 0.925781
