1 0.335938 0.253906 0.070312 0.054688
1 0.228516 0.423828 0.058594 0.105469
1 0.162109 0.580078 0.027344 0.050781
1 0.460938 0.634766 0.054688 0.035156
1 0.281250 0.619141 0.117188 0.105469
1 0.400391 0.595703 0.027344 0.027344
1 0.365234 0.398438 0.058594 0.039062
1 0.423828 0.447266 0.066406 0.042969
1 0.589844 0.199219 0.046875 0.039062
1 0.652344 0.173828 0.078125 0.027344
1 0.605469 0.599609 0.046875 0.035156
1 0.542969 0.535156 0.078125 0.046875
1 0.628906 0.492188 0.039062 0.046875
1 0.681641 0.742188 0.066406 0.039062
1 0.621094 0.781250 0.093750 0.078125
1 0.548828 0.808594 0.074219 0.078125
1 0.480469 0.837891 0.078125 0.089844
1 0.433594 0.750000 0.046875 0.062500
1 0.367188 0.771484 0.164062 0.167969
1 0.654297 0.273438 0.097656 0.054688
1 0.396484 0.203125 0.035156 0.023438
0 0.490234 0.488281 0.746094 0.898438
