1 0.728516 0.287109 0.058594 0.066406
1 0.652344 0.357422 0.054688 0.050781
1 0.777344 0.439453 0.085938 0.089844
1 0.650391 0.500000 0.121094 0.054688
1 0.736328 0.587891 0.050781 0.042969
1 0.611328 0.679688 0.042969 0.054688
1 0.472656 0.707031 0.148438 0.093750
1 0.292969 0.677734 0.156250 0.144531
1 0.109375 0.796875 0.125000 0.093750
1 0.257812 0.878906 0.140625 0.117188
1 0.421875 0.839844 0.171875 0.085938
1 0.169922 0.460938 0.058594 0.039062
1 0.160156 0.521484 0.070312 0.074219
1 0.466797 0.515625 0.074219 0.046875
1 0.466797 0.453125 0.066406 0.046875
1 0.941406 0.289062 0.054688 0.039062
1 0.720703 0.720703 0.042969 0.035156
0 0.490234 0.521484 0.972656 0.933594
