1 0.841797 0.533203 0.058594 0.035156
1 0.650391 0.642578 0.050781 0.035156
1 0.607422 0.406250 0.050781 0.054688
1 0.539062 0.464844 0.078125 0.054688
1 0.416016 0.480469 0.082031 0.070312
1 0.332031 0.281250 0.031250 0.039062
1 0.369141 0.253906 0.019531 0.015625
1 0.324219 0.240234 0.023438 0.019531
1 0.470703 0.185547 0.105469 0.183594
1 0.736328 0.373047 0.074219 0.050781
1 0.541016 0.320312 0.136719 0.054688
1 0.496094 0.384766 0.085938 0.058594
1 0.589844 0.781250 0.039062 0.085938
1 0.556641 0.701172 0.058594 0.066406
1 0.392578 0.742188 0.082031 0.085938
1 0.449219 0.841797 0.070312 0.074219
1 0.857422 0.841797 0.050781 0.058594
1 0.769531 0.886719 0.046875 0.054688
1 0.970703 0.585938 0.035156 0.062500
1 0.886719 0.679688 0.054688 0.054688
1 0.865234 0.353516 0.042969 0.050781
1 0.662109 0.310547 0.050781 0.066406
0 0.550781 0.503906 0.898438 0.992188
